Malicious peers: 93 43 17 63 2 70 49 7 1 29 82 8 9 95 65 86 10 15 59 73 42 90 81 19 96 35 54 71 61 26 21 87 91 14 32 51 92 3 39 83 
Ringmaster ID: 51
-----------------------------------------Starting the simulation-----------------------------------------
Simulation ended, releasing private chain
Peer ID   Blocks owned in Longest Chain   Blocks mined     Ratio  Blocks in Longest Chain   Transactions generatedorphan blks
----------------------------------------------------------------------------------------------------------------------------------
      0                               1              1      1.00                        2                      470                       24
      1                               0              0      0.00                        4                      163                        0
      2                               0              0      0.00                        4                      162                        0
      3                               0              0      0.00                        4                      960                        0
      4                               0              0      0.00                        0                      156                       25
      5                               0              0      0.00                        2                      470                       24
      6                               1              1      1.00                        2                      469                       24
      7                               0              0      0.00                        4                      320                        0
      8                               0              0      0.00                        4                      321                        0
      9                               0              0      0.00                        4                       32                        0
     10                               0              0      0.00                        4                      365                        0
     11                               0              0      0.00                        3                      360                       24
     12                               1              1      1.00                        3                      359                       24
     13                               2              2      1.00                        3                      360                       24
     14                               0              0      0.00                        4                      364                        0
     15                               0              0      0.00                        4                      337                        0
     16                               0              0      0.00                        2                      332                       24
     17                               0              0      0.00                        4                      260                        0
     18                               2              2      1.00                        2                      255                       24
     19                               0              0      0.00                        4                      259                        0
     20                               0              0      0.00                        2                      458                       24
     21                               0              0      0.00                        4                      206                        0
     22                               1              1      1.00                        2                      206                       24
     23                               0              0      0.00                        2                      204                        0
     24                               0              0      0.00                        2                      205                       24
     25                               0              0      0.00                        2                      205                       24
     26                               0              0      0.00                        4                      208                        0
     27                               0              0      0.00                        0                        6                       25
     28                               0              0      0.00                        0                        6                       24
     29                               0              0      0.00                        4                       18                        0
     30                               0              0      0.00                        0                        4                       25
     31                               0              0      0.00                        2                       13                       25
     32                               0              0      0.00                        4                      182                        0
     33                               1              1      1.00                        4                      179                       24
     34                               2              2      1.00                        4                      249                       24
     35                               0              0      0.00                        4                      744                        0
     36                               1              1      1.00                        4                      241                       24
     37                               0              0      0.00                        0                       74                       25
     38                               0              0      0.00                        0                      565                       25
     39                               0              0      0.00                        4                      496                        0
     40                               0              0      0.00                        0                      492                       24
     41                               0              0      0.00                        0                      492                       24
     42                               0              0      0.00                        4                      495                        0
     43                               0              0      0.00                        4                       10                        0
     44                               0              0      0.00                        0                        3                       24
     45                               0              0      0.00                        0                        4                       24
     46                               0              0      0.00                        2                        5                       24
     47                               0              0      0.00                        0                        3                       24
     48                               0              0      0.00                        2                      350                       24
     49                               0              0      0.00                        4                      363                        0
     50                               1              1      1.00                        2                      348                       24
     51                              24             24      1.00                        4                      362                        0
     52                               1              1      1.00                        2                      360                       24
     53                               1              1      1.00                        1                      159                       25
     54                               0              0      0.00                        4                      152                        0
     55                               0              0      0.00                        4                      650                       24
     56                               0              0      0.00                        0                      651                       27
     57                               2              2      1.00                        4                      651                       24
     58                               1              1      1.00                        4                      649                        0
     59                               0              0      0.00                        4                      329                        0
     60                               0              0      0.00                        4                      686                       24
     61                               0              0      0.00                        4                      370                        0
     62                               1              1      1.00                        4                      364                       24
     63                               0              0      0.00                        4                      370                        0
     64                               0              0      0.00                        1                       11                       24
     65                               0              0      0.00                        4                        9                        0
     66                               1              1      1.00                        1                        9                       24
     67                               0              0      0.00                        1                       12                       24
     68                               0              0      0.00                        1                       12                       25
     69                               0              0      0.00                        2                       83                       24
     70                               0              0      0.00                        4                        8                        0
     71                               0              0      0.00                        4                      540                        0
     72                               1              1      1.00                        2                      536                       24
     73                               0              0      0.00                        4                      538                        0
     74                               1              1      1.00                        2                      536                       24
     75                               0              0      0.00                        2                      537                       24
     76                               0              0      0.00                        2                      632                        0
     77                               0              0      0.00                        2                      178                        0
     78                               1              1      1.00                        2                      181                       24
     79                               0              0      0.00                        2                      180                       24
     80                               0              0      0.00                        0                      181                       25
     81                               0              0      0.00                        4                      184                        0
     82                               0              0      0.00                        4                      182                        0
     83                               0              0      0.00                        4                      569                        0
     84                               0              0      0.00                        1                       77                       24
     85                               1              1      1.00                        1                       77                       24
     86                               0              0      0.00                        4                      455                        0
     87                               0              0      0.00                        4                      378                        0
     88                               1              1      1.00                        2                      374                       24
     89                               1              1      1.00                        2                      375                       24
     90                               0              0      0.00                        4                      319                        0
     91                               0              0      0.00                        4                      375                        0
     92                               0              0      0.00                        4                      552                        0
     93                               0              0      0.00                        4                       68                        0
     94                               0              0      0.00                       25                      322                        0
     95                               0              0      0.00                        4                       82                        0
     96                               0              0      0.00                        4                      567                        0
     97                               0              1      0.00                       25                      564                        0
     98                               0              2      0.00                       25                      564                        0
     99                               1              1      1.00                       25                      565                        0
------------------------------------------------Simulation ended------------------------------------------
